# Created by Octave 4.0.0, Mon May 09 00:37:01 2016 中国标准时间 <unknown@JTTLL-R9LPPBE>
# name: v
# type: matrix
# rows: 10
# columns: 1
 3999
 3299
 3690
 2320
 5399
 2999
 3149
 1989
 2120
 2425


